0 100
2,3 101
4,7 102
7 103
9,4 104
11,7 105
14,1 106
16,4 107
18,8 108
21,1 109
23,5 110
25,8 111
28,2 112
30,5 113
32,9 114
35,2 115
37,6 116
39,9 117
42,3 118
44,6 119
46,9 120
49,3 121
51,6 122
54 123
56,3 124
58,7 125
61 126
63,4 127
65,7 128
68,1 129
70,4 130
72,8 131
75,1 132
77,5 133
79,8 134
82,2 135
84,5 136
86,9 137
89,2 138
91,5 139
93,9 140
96,2 141
98,6 142
100,9 143
103,3 144
105,6 145
108 146
110,3 147
112,7 148
115 149
117,4 150
119,7 151
122,1 152
124,4 153
126,8 154
129,1 155
131,5 156
133,8 157
136,2 158
138,5 159
140,8 160
143,2 161
145,5 162
147,9 163
150,2 164
152,6 165
154,9 166
157,3 167
159,6 168
162 169
164,3 170
166,7 171
169 172
171,4 173
173,7 174
176,1 175
178,4 176
180,8 177
183,1 178
185,4 179
187,8 180
190,1 181
192,5 182
194,8 183
197,2 184
199,5 185
