0 100
-2,3 99
-4,7 98
-7 97
-9,3 96
-11,7 95
-14 94
-16,3 93
-18,7 92
-21 91
-23,3 90
-25,6 89
-28 88
-30,3 87
-32,6 86
-34,9 85
-37,2 84
-39,5 83
-41,8 82
-44,1 81
-46,4 80
-48,7 79
-51 78
-53,3 77
-55,7 76
-57,9 75
-60,2 74
-62,5 73
-64,8 72
-67,1 71
-69,4 70
-71,7 69
-74 68
-76,2 67
-78,5 66
-80,8 65
-83,1 64
-85,3 63
-87,6 62
-89,9 61
-92,2 60
-94,4 59
-96,7 58
-99 57
-101,2 56
-103,5 55
-105,7 54
-108 53
-110,2 52
-112,5 51
-114,7 50
-117 49
-119,2 48
-121,5 47
-123,7 46
-125,9 45
-128,2 44
-130,4 43
-132,6 42
-134,9 41
-137,1 40
-139,3 39
-141,5 38
-143,8 37
-146 36
-148,2 35
-150,4 34
-152,6 33
-154,8 32
-157 31
-159,2 30
-161,4 29
-163,6 28
-165,8 27
-168 26
-170,2 25
-172,4 24
-174,6 23
-176,8 22
-179 21
