0 100
2,3 101
4,7 102
7 103
9,3 104
11,7 105
14 106
16,3 107
18,7 108
21 109
23,4 110
25,7 111
28 112
30,4 113
32,7 114
35 115
37,4 116
39,7 117
42,1 118
44,4 119
46,7 120
49,1 121
51,4 122
53,7 123
56,1 124
58,4 125
60,7 126
63,1 127
65,4 128
67,8 129
70,1 130
72,4 131
74,8 132
77,1 133
79,4 134
81,8 135
84,1 136
86,4 137
88,8 138
91,1 139
93,5 140
95,8 141
98,1 142
100,5 143
102,8 144
105,1 145
107,5 146
109,8 147
112,1 148
114,5 149
116,8 150
119,2 151
121,5 152
123,8 153
126,2 154
128,5 155
130,8 156
133,2 157
135,5 158
137,9 159
140,2 160
142,5 161
144,9 162
147,2 163
149,5 164
151,9 165
154,2 166
156,5 167
158,9 168
161,2 169
163,6 170
165,9 171
168,2 172
170,6 173
172,9 174
175,2 175
177,6 176
179,9 177
182,2 178
184,6 179
186,9 180
189,3 181
191,6 182
193,9 183
196,3 184
198,6 185
