0 100
-2,6 99
-5,1 98
-7,7 97
-10,2 96
-12,8 95
-15,3 94
-17,9 93
-20,4 92
-22,9 91
-25,5 90
-28 89
-30,6 88
-33,1 87
-35,6 86
-38,2 85
-40,7 84
-43,2 83
-45,7 82
-48,2 81
-50,8 80
-53,3 79
-55,8 78
-58,3 77
-60,8 76
-63,3 75
-65,8 74
-68,3 73
-70,8 72
-73,3 71
-75,8 70
-78,3 69
-80,8 68
-83,3 67
-85,8 66
-88,3 65
-90,7 64
-93,2 63
-95,7 62
-98,2 61
-100,6 60
-103,1 59
-105,6 58
-108 57
-110,5 56
-112,9 55
-115,4 54
-117,8 53
-120,3 52
-122,7 51
-125,1 50
-127,6 49
-130 48
-132,4 47
-134,9 46
-137,3 45
-139,7 44
-142,1 43
-144,5 42
-146,9 41
-149,3 40
-151,7 39
-154,1 38
-156,5 37
-158,9 36
-161,3 35
-163,7 34
-166 33
-168,4 32
-170,8 31
-173,2 30
-175,5 29
-177,9 28
-180,2 27
-182,6 26
-184,9 25
-187,3 24
-189,6 23
-191,9 22
-194,3 21
-196,6 20
-198,9 19
