0 100
2,6 101
5,1 102
7,7 103
10,3 104
12,8 105
15,4 106
17,9 107
20,5 108
23,1 109
25,7 110
28,3 111
30,8 112
33,4 113
36 114
38,6 115
41,2 116
43,8 117
46,4 118
49 119
51,6 120
54,2 121
56,8 122
59,4 123
62 124
64,6 125
67,2 126
69,8 127
72,4 128
75 129
77,7 130
80,3 131
82,9 132
85,5 133
88,1 134
90,8 135
93,4 136
96 137
98,7 138
101,3 139
103,9 140
106,6 141
109,2 142
111,9 143
114,5 144
117,2 145
119,8 146
122,5 147
125,1 148
127,8 149
130,4 150
133,1 151
135,8 152
138,4 153
141,1 154
143,8 155
146,5 156
149,1 157
151,8 158
154,5 159
157,2 160
159,9 161
162,5 162
165,2 163
167,9 164
170,6 165
173,3 166
176 167
178,7 168
181,4 169
184,1 170
186,8 171
189,5 172
192,2 173
194,9 174
197,7 175
200,4 176
203,1 177
205,8 178
208,6 179
211,3 180
214 181
216,8 182
219,5 183
222,2 184
225 185
227,7 186
230,4 187
233,2 188
235,9 189
238,7 190
241,4 191
244,2 192
247 193
249,7 194
252,5 195
255,2 196
258 197
260,8 198
263,6 199
266,4 200
269,1 201
271,9 202
274,7 203
277,5 204
280,3 205
283,1 206
285,9 207
288,6 208
291,4 209
294,2 210
297,1 211
299,9 212
302,7 213
305,5 214
308,3 215
311,1 216
313,9 217
316,7 218
319,6 219
322,4 220
325,2 221
328,1 222
330,9 223
333,7 224
336,6 225
339,4 226
342,3 227
345,1 228
347,9 229
350,8 230
353,7 231
356,5 232
359,4 233
362,3 234
365,1 235
368 236
370,9 237
373,7 238
376,6 239
379,5 240
382,4 241
385,3 242
388,1 243
391 244
393,9 245
396,8 246
399,7 247
402,6 248
405,5 249
408,4 250
411,4 251
414,3 252
417,2 253
420,1 254
423 255
426 256
428,9 257
431,8 258
434,8 259
437,7 260
440,6 261
443,6 262
446,5 263
449,5 264
452,4 265
455,4 266
458,3 267
461,3 268
464,3 269
467,2 270
470,2 271
473,2 272
476,1 273
479,1 274
482,1 275
485,1 276
488,1 277
491,1 278
494,1 279
497,1 280
500,1 281
503,1 282
506,1 283
509,1 284
512,1 285
515,1 286
518,1 287
521,2 288
524,2 289
527,2 290
530,2 291
533,3 292
536,3 293
539,4 294
542,4 295
545,5 296
548,5 297
551,6 298
554,6 299
557,7 300
560,8 301
563,8 302
566,9 303
570 304
573,1 305
576,1 306
579,2 307
582,3 308
585,4 309
588,5 310
591,6 311
594,7 312
597,8 313
600,9 314
604 315
607,1 316
610,2 317
613,4 318
616,5 319
619,6 320
622,8 321
625,9 322
629,1 323
632,2 324
635,3 325
638,5 326
641,7 327
644,8 328
648 329
651,1 330
654,3 331
657,5 332
660,7 333
663,8 334
667 335
670,2 336
673,4 337
676,6 338
679,8 339
683 340
686,2 341
689,4 342
692,6 343
695,9 344
699,1 345
702,3 346
705,5 347
708,8 348
712 349
715,3 350
718,5 351
721,7 352
725 353
728,3 354
731,5 355
734,8 356
738,1 357
741,3 358
744,6 359
747,9 360
751,2 361
754,5 362
757,8 363
761,1 364
764,4 365
767,7 366
771 367
774,3 368
777,6 369
781 370
784,3 371
787,6 372
791 373
794,3 374
797,6 375
801 376
804,3 377
807,7 378
811,1 379
814,4 380
817,8 381
821,2 382
824,6 383
828 384
831,3 385
834,7 386
838,1 387
841,5 388
844,9 389
848,3 390
