0 100
-2,5 99
-5 98
-7,5 97
-10,1 96
-12,6 95
-15,1 94
-17,6 93
-20,1 92
-22,6 91
-25,1 90
-27,6 89
-30,1 88
-32,6 87
-35,1 86
-37,6 85
-40,1 84
-42,5 83
-45 82
-47,5 81
-50 80
-52,5 79
-55 78
-57,4 77
-59,9 76
-63,5 75
-64,8 74
-67,3 73
-69,8 72
-72,2 71
-74,7 70
-77,1 69
-79,6 68
-82 67
-84,5 66
-86,9 65
-89,4 64
-91,8 63
-94,3 62
-96,7 61
-99,1 60
-101,6 59
-104 58
-106,4 57
-108,8 56
-111,2 55
-113,7 54
-116,1 53
-118,5 52
-120,9 51
-123,3 50
-125,7 49
-128,1 48
-130,5 47
-132,9 46
-135,2 45
-137,6 44
-140 43
-142,4 42
-144,8 41
-147,1 40
-149,5 39
-151,9 38
-154,2 37
-156,6 36
-158,9 35
-161,3 34
-163,6 33
-166 32
-168,3 31
-170,6 30
-173 29
-175,3 28
-177,6 27
-179,9 26
-182,2 25
-184,5 24
-186,8 23
-189,1 22
-191,4 21
-193,7 20
-196 19
-198,3 18
