0 100
2,5 101
5 102
7,6 103
10,1 104
12,6 105
15,2 106
17,7 107
20,2 108
22,8 109
25,3 110
27,8 111
30,4 112
32,9 113
35,5 114
38 115
40,6 116
43,1 117
45,7 118
48,2 119
50,8 120
53,3 121
55,9 122
58,5 123
61 124
63,6 125
66,2 126
68,7 127
71,3 128
73,9 129
76,4 130
79 131
81,6 132
84,2 133
86,8 134
89,4 135
91,9 136
94,5 137
97,1 138
99,7 139
102,3 140
104,9 141
107,5 142
110,1 143
112,7 144
115,3 145
117,9 146
120,6 147
123,2 148
125,8 149
128,4 150
131 151
133,6 152
136,3 153
138,9 154
141,5 155
144,2 156
146,8 157
149,4 158
152,1 159
154,7 160
157,3 161
160 162
162,6 163
165,3 164
167,9 165
170,6 166
173,2 167
175,9 168
178,5 169
181,2 170
183,9 171
186,5 172
189,2 173
191,9 174
194,5 175
197,2 176
199,9 177
202,6 178
205,2 179
207,9 180
210,6 181
213,3 182
216 183
218,7 184
221,4 185
224,1 186
226,8 187
229,5 188
232,2 189
234,9 190
237,6 191
240,3 192
243 193
245,7 194
248,4 195
251,2 196
253,9 197
256,6 198
259,3 199
262,1 200
264,8 201
267,5 202
270,3 203
273 204
275,7 205
278,5 206
281,2 207
284 208
286,7 209
289,5 210
292,2 211
295 212
297,7 213
300,5 214
303,3 215
306,1 216
308,8 217
311,6 218
314,4 219
317,1 220
319,9 221
322,7 222
325,5 223
328,3 224
331,1 225
333,9 226
336,7 227
339,5 228
342,3 229
345,1 230
347,9 231
350,7 232
353,5 233
356,3 234
359,1 235
361,9 236
364,7 237
367,6 238
370,4 239
373,2 240
376,1 241
378,9 242
381,7 243
384,6 244
387,4 245
390,3 246
393,1 247
396 248
398,8 249
401,7 250
404,5 251
407,4 252
410,3 253
413,1 254
416 255
418,9 256
421,7 257
424,6 258
427,5 259
430,4 260
433,3 261
436,2 262
439,1 263
441,9 264
444,9 265
447,7 266
450,6 267
453,6 268
456,5 269
459,4 270
462,3 271
465,2 272
468,1 273
471,1 274
474 275
476,9 276
479,9 277
482,8 278
485,7 279
488,6 280
491,6 281
494,6 282
497,5 283
500,4 284
503,4 285
506,4 286
509,3 287
512,3 288
515,3 289
518,2 290
521,2 291
524,2 292
527,2 293
530,2 294
533,1 295
536,1 296
539,1 297
542,1 298
545,1 299
548,1 300
551,1 301
554,1 302
557,2 303
560,2 304
563,2 305
566,2 306
569,2 307
572,2 308
575,3 309
578,3 310
581,4 311
584,4 312
587,5 313
590,5 314
593,5 315
596,6 316
599,7 317
602,7 318
605,8 319
608,8 320
611,9 321
615 322
618,1 323
621,2 324
624,2 325
627,3 326
630,4 327
633,5 328
636,6 329
639,7 330
642,8 331
645,9 332
649 333
652,2 334
655,3 335
658,4 336
661,5 337
664,7 338
667,8 339
670,9 340
674,1 341
677,2 342
680,4 343
683,5 344
686,7 345
689,8 346
693 347
696,2 348
699,3 349
702,5 350
705,7 351
708,9 352
712,1 353
715,2 354
718,4 355
721,6 356
724,8 357
728 358
731,3 359
734,5 360
737,7 361
740,9 362
744,1 363
747,4 364
750,6 365
753,8 366
757,1 367
760,3 368
763,5 369
766,8 370
770,1 371
773,3 372
776,6 373
779,8 374
783,1 375
786,4 376
789,7 377
793 378
796,3 379
799,5 380
802,8 381
806,1 382
809,5 383
812,8 384
816,1 385
819,4 386
822,7 387
826 388
829,4 389
832,7 390
836 391
839,4 392
842,7 393
846,1 394
849,4 395
