0 100
1,8 101
3,6 102
5,4 103
7,2 104
9 105
10,8 106
12,5 107
14,3 108
16,1 109
17,8 110
19,5 111
21,3 112
23 113
24,7 114
26,4 115
28,1 116
29,8 117
31,5 118
33,2 119
34,9 120
36,6 121
38,2 122
39,9 123
41,5 124
43,2 125
44,8 126
46,5 127
48,1 128
49,7 129
51,3 130
53 131
54,6 132
56,2 133
57,8 134
59,3 135
60,9 136
62,5 137
64,1 138
65,7 139
67,2 140
68,8 141
70,3 142
71,9 143
73,4 144
75 145
76,5 146
78 147
79,6 148
81,1 149
82,6 150
84,1 151
85,6 152
87,1 153
88,6 154
90,1 155
91,6 156
93,1 157
94,5 158
96 159
97,5 160
99 161
100,4 162
101,8 163
103,3 164
104,7 165
106,1 166
107,5 167
109 168
110,4 169
111,8 170
113,2 171
114,6 172
115,9 173
117,3 174
118,7 175
120,1 176
121,4 177
122,8 178
124,2 179
125,5 180
126,9 181
128,2 182
129,5 183
130,9 184
132,2 185
133,5 186
134,9 187
136,2 188
137,5 189
138,8 190
140,1 191
141,4 192
142,7 193
144 194
145,3 195
146,6 196
147,9 197
149,1 198
150,4 199
151,7 200
152,9 201
154,2 202
155,5 203
156,7 204
158 205
159,2 206
160,4 207
161,7 208
162,9 209
164,1 210
165,4 211
166,6 212
167,8 213
169 214
170,2 215
171,4 216
172,6 217
173,8 218
175 219
176,2 220
177,4 221
178,6 222
179,8 223
